sensor_val = [766,
766,
766,
766,
767,
766,
768,
769,
767,
767,
767,
768,
768,
767,
767,
768,
768,
768,
767,
768,
768,
767,
767,
767,
767,
767,
768,
767,
768,
768,
769,
767,
768,
767,
769,
767,
767,
767,
767,
767,
767,
768,
767,
767,
768,
767,
767,
767,
768,
767,
766,
767,
768,
767,
767,
769,
767,
768,
767,
767,
767,
768,
767,
767,
767,
767,
767,
767,
767,
767,
767,
767,
769,
768,
767,
768,
767,
767,
767,
767,
767,
767,
768,
767,
768,
767,
767,
767,
767,
767,
767,
767,
768,
769,
767,
767,
767,
768,
767,
767,
768,
767,
768,
768,
767,
768,
767,
767,
768,
767,
768,
768,
767,
768,
767,
767,
767,
767,
767,
768,
768,
767,
768,
769,
767,
767,
768,
767,
767,
768,
767,
768,
767,
767,
768,
768,
767,
767,
768,
767,
768,
768,
769,
768,
767,
767,
767,
767,
767,
768,
767,
767,
768,
768,
767,
767,
768,
769,
769,
767,
767,
768,
768,
767,
767,
767,
767,
767,
767,
767,
767,
769,
767,
768,
768,
766,
767,
767,
768,
767,
768,
767,
767,
768,
768,
767,
768,
769,
768,
767,
768,
768,
767,
767,
768,
768,
768,
769,
767,
767,
767,
767,
767,
769,
768,
767,
767,
767,
767,
768,
767,
768,
767,
768,
768,
767,
768,
768,
768,
767,
768,
768,
767,
767,
767,
767,
768,
767,
767,
767,
767,
767,
768,
767,
768,
767,
769,
768,
768,
767,
767,
768,
767,
767,
767,
767,
767,
768,
767,
767,
767,
767,
767,
767,
767,
767,
768,
767,
767,
768,
768,
767,
767,
767,
767,
768,
767,
767,
767,
767,
767,
768,
767,
766,
767,
769,
767,
768,
767,
767,
767,
767,
767,
767,
769,
767,
768,
767,
768,
767,
768,
767,
767,
768,
767,
767,
768,
767,
769,
767,
767,
767,
767,
766,
767,
767,
767,
767,
767,
768,
767,
769,
767,
768,
767,
768,
767,
768,
767,
769,
768,
767,
767,
768,
767,
767,
767,
768,
768,
768,
767,
767,
767,
767,
767,
767,
767,
767,
767,
767,
769,
767,
767,
767,
767,
769,
767,
767,
768,
767,
767,
768,
768,
767,
767,
767,
769,
767,
768,
769,
767,
767,
767,
768,
767,
769,
767,
768,
767,
767,
767,
765,
767,
767,
767,
767,
767,
767,
767,
767,
767,
771,
767,
767,
768,
767,
767,
767,
769,
768,
767,
767,
769,
767,
768,
769,
767,
768,
767,
768,
768,
767,
767,
767,
767,
767,
767,
767,
767,
767,
767,
767,
767,
768,
768,
768,
767,
768,
767,
768,
767,
768,
768,
768,
767,
767,
767,
768,
767,
767,
769,
767,
768,
766,
768,
767,
767,
767,
767,
766,
768,
767,
769,
767,
768,
767,
767,
768,
767,
767,
767,
767,
769,
767,
767,
768,
767,
768,
767,
769,
768,
768,
768,
768,
767,
767,
767,
768,
767,
768,
767,
766,
767,
768,
767,
767,
767,
767,
767,
768,
767,
768,
767,
768,
767,
768,
767,
767,
767,
767,
767,
767,
768,
767,
768,
767,
768,
767,
766,
767,
768,
767,
768,
767,
768,
768,
767,
767,
767,
767,
767,
767,
767,
767,
767,
767,
768,
767,
768,
769,
767,
767,
768,
767,
768,
768,
768,
767,
768,
767,
767,
768,
767,
767,
767,
767,
768,
767,
767,
767,
768,
767,
767,
768,
767,
767,
769,
768,
767,
767,
768,
767,
767,
767,
768,
768,
767,
767,
767,
767,
768,
767,
767,
767,
767,
767,
767,
767,
767,
768,
767,
768,
767,
767,
767,
768,
767,
768,
768,
767,
768,
767,
768,
767,
767,
767,
767,
767,
767,
767,
767,
767,
768,
768,
768,
768,
770,
767,
768,
767,
767,
768,
768,
769,
767,
767,
768,
768,
768,
767,
768,
768,
767,
768,
767,
767,
767,
767,
768,
768,
768,
768,
767,
768,
767,
768,
767,
767,
768,
767,
768,
767,
768,
767,
769,
767,
768,
767,
768,
769,
768,
768,
767,
768,
768,
769,
769,
767,
768,
768,
767,
768,
768,
767,
769,
767,
769,
767,
769,
767,
767,
767,
768,
768,
768,
768,
767,
768,
767,
768,
767,
767,
767,
768,
767,
768,
767,
767,
768,
768,
769,
767,
768,
767,
768,
768,
767,
768,
767,
767,
768,
767,
767,
770,
769,
767,
768,
767,
768,
767,
769,
768,
768,
767,
767,
767,
767,
767,
768,
768,
767,
767,
767,
767,
768,
767,
767,
767,
766,
767,
768,
767,
767,
768,
768,
767,
768,
768,
767,
768,
767,
767,
767,
767,
769,
768,
767,
767,
768,
768,
767,
767,
767,
767,
768,
767,
768,
767,
767,
768,
768,
767,
767,
768,
768,
767,
767,
768,
767,
767,
768,
767,
768,
767,
767,
767,
767,
767,
767,
767,
767,
767,
767,
768,
768,
768,
767,
767,
767,
768,
767,
768,
767,
768,
768,
767,
767,
767,
768,
767,
767,
767,
767,
767,
767,
768,
767,
767,
766,
767,
769,
767,
769,
768,
767,
768,
767,
767,
767,
767,
767,
767,
768,
768,
767,
769,
767,
768,
768,
767,
767,
767,
768,
768,
767,
769,
768,
767,
767,
768,
767,
767,
767,
767,
768,
767,
767,
767,
768,
767,
766,
767,
768,
767,
768,
767,
767,
768,
768,
767,
768,
768,
770,
768,
767,
767,
767,
767,
769,
767,
767,
767,
767,
767,
768,
768,
767,
767,
768,
767,
767,
768,
767,
768,
768,
768,
768,
768,
767,
767,
766,
767,
767,
767,
768,
767,
767,
768,
768,
766,
767,
768,
767,
767,
767,
767,
768,
768,
767,
767,
767,
768,
767,
767,
769,
767,
768,
767,
767,
767,
768,
768,
767,
768,
767,
767,
767,
767,
767,
767,
768,
767,
767,
769,
767,
767,
768,
768,
769,
767,
767,
768,
768,
767,
767,
768,
767,
769,
768,
768,
768,
767,
767,
767,
767,
768,
768,
768,
767,
767,
769,
767,
769,
767,
769,
766,
770,
767,
767,
767,
767,
768,
767,
768,
768,
768,
767,
767,
768,
768,
767,
767,
767,
768,
767,
767,
768,
768,
767,
768,
767,
767,
767,
767,
768,
768,
767,
768,
768,
768,
767,
767,
768,
767,
767,
767,
767,
768,
768,
767,
768,
767,
768,
767,
768,
767,
767,
768,
768,
767,
767,
767,
768,
768,
767,
768,
768,
767,
767,
767,
767,
768,
767,
767,
767,
768,
767,
767,
767,
769,
767,
767,
767,
768,
768,
768,
768,
768,
768,
767,
767,
767,
768,
767,
768,
767,
767,
767,
767,
767,
767,
767,
767,
767,
768,
767,
769,
767,
767,
767,
767,
767,
768,
767,
768,
767,
767,
767,
767,
768,
767,
767,
767,
767,
767,
768,
767,
767,
768,
767,
768,
768,
767,
769,
767,
768,
767,
767,
768,
768,
767,
768,
767,
768,
767,
768,
767,
767,
767,
768,
767,
767,
767,
767,
767,
767,
767,
768,
767,
767,
769,
768,
767,
767,
767,
767,
767,
768,
768,
767,
767,
768,
769,
767,
767,
768,
768,
767,
767,
768,
767,
767,
767,
768,
768,
766,
767,
769,
767,
767,
768,
767,
767,
767,
767,
769,
767,
767,
769,
768,
768,
767,
768,
767,
767,
767,
769,
768,
768,
768,
768,
769,
768,
767,
767,
768,
767,
767,
768,
767,
767,
768,
768,
767,
768,
767,
767,
767,
767,
768,
767,
767,
767,
768,
768,
768,
768,
767,
769,
767,
767,
767,
767,
768,
767,
767,
769,
769,
767,
767,
767,
768,
767,
767,
768,
767,
767,
767,
767,
767,
768,
767,
767,
767,
767,
767,
767,
767,
767,
768,
767,
768,
767,
767,
768,
769,
769,
767,
768,
767,
767,
768,
767,
768,
768,
767,
767,
768,
767,
767,
769,
767,
767,
767,
767,
768,
768,
767,
768,
767,
769,
767,
767,
767,
767,
767,
767,
767,
768,
767,
769,
767,
768,
767,
768,
767,
767,
768,
767,
768,
768,
767,
768,
767,
767,
767,
767,
767,
768,
768,
767,
768,
767,
768,
767,
767,
767,
768,
767,
768,
767,
768,
767,
767,
767,
767,
767,
767];
